108 8 7 3 2 102 
108 8 7 3 103 
108 8 7 3 1 101 
108 8 6 106 
108 8 7 107 
108 8 7 4 104 
108 8 7 5 105 
102 2 3 7 8 108 
102 2 3 103 
102 2 1 101 
102 2 1 4 6 106 
102 2 3 7 107 
102 2 1 4 104 
102 2 3 5 105 
103 3 7 8 108 
103 3 2 102 
103 3 1 101 
103 3 4 6 106 
103 3 7 107 
103 3 4 104 
103 3 5 105 
101 1 3 7 8 108 
101 1 2 102 
101 1 3 103 
101 1 4 6 106 
101 1 3 7 107 
101 1 4 104 
101 1 3 5 105 
106 6 8 108 
106 6 4 1 2 102 
106 6 4 3 103 
106 6 4 1 101 
106 6 7 107 
106 6 4 104 
106 6 4 5 105 
107 7 8 108 
107 7 3 2 102 
107 7 3 103 
107 7 3 1 101 
107 7 6 106 
107 7 4 104 
107 7 5 105 
104 4 7 8 108 
104 4 1 2 102 
104 4 3 103 
104 4 1 101 
104 4 6 106 
104 4 7 107 
104 4 5 105 
105 5 7 8 108 
105 5 3 2 102 
105 5 3 103 
105 5 3 1 101 
105 5 4 6 106 
105 5 7 107 
105 5 4 104 
